692903190 AZ-00990975 24/04/2018 15891 6.83 0.15 0.0
692903191 AZ-00990978 03/05/2018 6515 7.7 2.99 0.0
692903192 AZ-00991009 05/12/2018 3745 8.02 3.34 1.95
692903193 AZ-00990990 27/07/2018 15307 0.33 2.14 1.95
692903194 AZ-00990993 26/08/2018 7324 3.73 2.62 7.8
692903195 AZ-00990983 03/06/2018 16296 1.33 0.53 0.0
692903196 AZ-00991000 03/10/2018 10085 8.11 1.6 1.95
692903197 AZ-00990962 06/02/2018 3322 3.39 0.73 5.85
692903198 AZ-00990964 20/02/2018 10779 2.99 0.96 7.8
692903199 AZ-00990996 12/09/2018 11558 3.86 1.48 0.0
692903200 AZ-00990961 03/01/2018 18327 0.39 2.74 0.0
692903201 AZ-00990994 27/08/2018 8854 3.63 3.19 0.0
692903202 AZ-00990976 24/04/2018 4899 3.86 2.59 5.85
692903203 AZ-00990985 08/06/2018 8696 6.51 4.22 1.95
692903204 AZ-00990988 06/07/2018 5170 8.1 2.25 0.0
692903205 AZ-00990981 14/05/2018 7468 1.85 0.68 0.0
692903206 AZ-00990992 17/08/2018 43 3.75 3.3 7.8
692903207 AZ-00990984 03/06/2018 6084 4.88 4.64 1.95
692903208 AZ-00991010 24/12/2018 999 3.45 1.44 3.9
692903209 AZ-00991008 19/11/2018 13624 6.23 3.81 3.9
692903210 AZ-00990977 25/04/2018 5613 5.62 0.08 5.85
692903211 AZ-00990973 28/03/2018 14938 5.58 3.24 1.95
692903212 AZ-00990969 11/03/2018 7474 0.32 0.86 5.85
692903213 AZ-00990982 21/05/2018 12526 1.03 4.44 1.95
692903214 AZ-00991006 10/11/2018 17151 7.15 2.57 5.85
692903215 AZ-00990963 16/02/2018 15772 0.97 4.78 7.8
692903216 AZ-00990965 20/02/2018 9917 4.56 2.42 3.9
692903217 AZ-00990968 05/03/2018 17771 7.11 2.91 1.95
692903218 AZ-00990989 23/07/2018 12515 9.56 0.35 7.8
692903219 AZ-00991005 01/11/2018 10773 5.01 0.31 7.8
692903220 AZ-00990986 10/06/2018 16190 3.47 0.25 3.9
692903221 AZ-00990991 28/07/2018 6017 3.87 0.68 0.0
692903222 AZ-00990967 28/02/2018 11365 7.37 0.27 7.8
692903223 AZ-00991002 17/10/2018 2671 1.06 4.85 3.9
692903224 AZ-00991004 28/10/2018 1992 1.06 2.43 0.0
692903225 AZ-00990972 23/03/2018 15223 1.97 0.05 3.9
692903226 AZ-00990999 30/09/2018 13488 2.52 3.93 3.9
692903227 AZ-00990970 13/03/2018 11996 7.21 0.06 3.9
692903228 AZ-00990997 12/09/2018 6925 4.21 3.5 0.0
692903229 AZ-00990980 12/05/2018 14703 4.58 2.16 1.95
692903230 AZ-00991003 18/10/2018 12041 9.83 0.53 7.8
692903231 AZ-00990974 05/04/2018 9711 6.32 4.2 1.95
692903232 AZ-00990971 14/03/2018 4991 1.9 3.1 7.8
692903233 AZ-00991001 07/10/2018 15655 1.77 1.12 0.0
692903234 AZ-00990998 23/09/2018 10224 3.06 2.2 3.9
692903235 AZ-00990995 10/09/2018 14234 1.96 2.39 1.95
692903236 AZ-00990987 16/06/2018 9340 6.05 1.0 1.95
692903237 AZ-00990979 07/05/2018 14587 5.09 2.79 5.85
692903238 AZ-00990966 23/02/2018 430 7.17 0.64 5.85
692903239 AZ-00991007 18/11/2018 17325 1.39 3.62 5.85
-1
1 692903191 920 3.0 304.43 4.61 4.79
2 692903191 382 7.0 294.84 5.41 0.31
3 692903191 755 8.0 283.3 0.6 0.84
4 692903191 448 3.0 576.71 2.61 2.54
5 692903191 184 4.0 439.01 6.16 3.1
6 692903191 1053 3.0 700.61 3.74 2.07
7 692903191 515 6.0 205.39 3.43 4.31
8 692903191 264 4.0 1383.45 9.28 3.19
9 692903191 437 6.0 67.88 8.5 2.76
10 692903191 336 9.0 390.84 7.54 2.61
11 692903191 596 6.0 338.82 3.1 1.97
12 692903191 868 12.0 678.13 2.49 2.45
13 692903191 627 7.0 66.15 2.59 2.24
14 692903192 517 5.0 958.77 7.06 4.14
15 692903192 169 4.0 1045.63 5.69 2.12
16 692903192 1193 9.0 1408.64 6.56 4.65
17 692903192 1094 3.0 293.3 2.34 2.18
18 692903192 394 4.0 759.89 3.29 2.35
19 692903192 350 12.0 385.28 2.37 0.33
20 692903192 297 12.0 93.96 5.77 1.17
21 692903192 1186 12.0 245.08 3.57 2.34
22 692903192 1170 5.0 918.43 1.72 4.48
23 692903192 1175 4.0 61.56 8.44 1.85
24 692903192 548 2.0 431.47 0.24 3.58
25 692903192 501 5.0 359.44 6.72 4.11
26 692903192 717 6.0 772.97 8.62 1.31
27 692903192 674 10.0 67.85 9.6 0.98
28 692903193 896 7.0 922.85 4.03 2.61
29 692903193 971 9.0 305.82 3.4 1.36
30 692903193 117 12.0 630.23 0.67 0.79
31 692903193 1155 12.0 811.73 9.54 1.66
32 692903193 709 8.0 297.23 4.1 4.83
33 692903193 628 12.0 580.37 6.08 3.75
34 692903193 1182 2.0 0.0 5.47 2.17
35 692903193 234 4.0 364.16 3.86 1.43
36 692903193 727 1.0 682.06 2.98 4.39
37 692903193 656 7.0 1174.93 6.58 1.68
38 692903193 964 11.0 431.46 4.5 3.11
39 692903193 395 10.0 525.58 0.77 1.43
40 692903193 562 4.0 903.19 7.78 0.98
41 692903193 954 3.0 416.14 5.86 0.07
42 692903193 1193 2.0 1408.64 8.76 1.28
43 692903193 549 12.0 1541.03 2.29 4.63
44 692903193 408 2.0 547.6 9.25 4.65
45 692903193 579 10.0 1316.95 8.69 3.93
46 692903193 313 5.0 455.95 4.97 0.37
47 692903193 273 5.0 254.21 6.75 2.42
48 692903194 844 8.0 918.43 1.96 1.12
49 692903194 718 9.0 1218.19 6.91 2.75
50 692903195 451 11.0 377.46 9.71 0.02
51 692903195 641 3.0 941.03 0.94 4.55
52 692903195 931 3.0 80.03 6.09 1.69
53 692903195 786 10.0 359.8 7.53 0.55
54 692903195 91 12.0 423.04 5.93 2.56
55 692903195 146 10.0 399.21 0.06 0.49
56 692903195 85 9.0 462.15 7.8 3.19
57 692903195 1087 2.0 639.71 8.74 4.76
58 692903195 944 10.0 309.12 8.71 4.34
59 692903195 842 6.0 543.59 8.9 4.51
60 692903195 947 2.0 1319.92 5.94 4.49
61 692903195 107 7.0 439.02 7.84 0.96
62 692903195 975 4.0 451.9 9.22 4.04
63 692903195 1113 2.0 780.84 3.11 3.17
64 692903195 953 6.0 60.21 4.03 1.63
65 692903195 572 1.0 127.9 3.43 0.51
66 692903195 889 11.0 1270.27 2.17 1.81
67 692903195 825 1.0 332.1 9.2 0.08
68 692903196 247 5.0 325.66 3.81 0.32
69 692903196 1129 7.0 418.69 0.18 2.8
70 692903196 850 1.0 252.59 6.71 0.91
71 692903196 360 6.0 243.2 2.47 1.49
72 692903196 738 4.0 201.96 9.75 0.71
73 692903196 56 4.0 423.04 5.22 4.5
74 692903196 383 6.0 434.7 4.22 0.59
75 692903196 422 8.0 338.74 5.29 1.25
76 692903196 755 3.0 283.3 6.44 1.5
77 692903196 387 7.0 0.0 1.14 0.55
78 692903196 357 1.0 624.78 3.26 1.35
79 692903197 887 7.0 91.34 2.52 4.51
80 692903197 543 12.0 728.54 9.48 4.52
81 692903197 602 7.0 714.0 9.72 3.58
82 692903197 781 12.0 622.34 5.38 2.43
83 692903197 708 3.0 85.28 3.3 1.12
84 692903197 1172 12.0 27.69 4.15 0.74
85 692903197 903 6.0 279.96 4.91 3.01
86 692903197 590 3.0 458.46 1.15 3.77
87 692903197 423 2.0 350.46 3.69 1.62
88 692903197 846 7.0 1021.13 2.46 3.68
89 692903198 876 8.0 611.16 9.94 3.27
90 692903198 983 6.0 169.16 7.89 4.29
91 692903198 941 2.0 340.51 8.44 4.22
92 692903198 934 4.0 598.98 1.16 1.48
93 692903198 458 9.0 703.13 3.07 4.27
94 692903198 821 10.0 587.71 5.58 1.75
95 692903198 47 1.0 941.53 4.59 1.28
96 692903198 393 3.0 610.11 0.22 4.3
97 692903198 616 12.0 203.2 0.43 0.93
98 692903198 778 5.0 1154.74 5.52 3.69
99 692903199 1062 2.0 1793.61 0.26 2.6
100 692903199 1003 9.0 327.19 9.96 0.42
101 692903199 11 6.0 582.54 3.15 2.25
102 692903199 547 9.0 977.89 9.37 2.02
103 692903199 211 1.0 255.81 1.93 1.22
104 692903199 821 3.0 587.71 2.74 3.82
105 692903199 160 3.0 1226.45 9.14 3.12
106 692903199 72 4.0 333.36 3.3 0.96
107 692903199 336 12.0 390.84 6.04 1.67
108 692903199 1075 10.0 60.21 8.8 3.7
109 692903199 717 11.0 772.97 4.36 0.21
110 692903199 1094 12.0 293.3 4.51 1.26
111 692903199 777 11.0 776.9 6.09 0.8
112 692903199 457 6.0 957.73 8.72 3.21
113 692903199 840 8.0 611.28 4.48 1.82
114 692903199 1030 1.0 32.7 0.89 3.56
115 692903199 716 3.0 55.84 0.21 1.12
116 692903199 807 3.0 682.06 5.38 4.26
117 692903200 124 1.0 255.81 3.94 3.76
118 692903200 562 1.0 903.19 8.53 4.49
119 692903200 843 5.0 72.85 5.03 2.27
120 692903200 1099 4.0 574.18 7.63 3.65
121 692903200 1106 1.0 638.08 3.7 2.87
122 692903200 1081 7.0 511.92 9.44 2.76
123 692903200 316 4.0 546.01 3.97 0.63
124 692903200 921 2.0 639.72 9.31 0.26
125 692903200 137 9.0 696.8 5.26 2.37
126 692903201 862 12.0 587.71 7.2 0.36
127 692903201 734 8.0 366.32 1.77 1.98
128 692903201 81 3.0 383.13 6.67 2.19
129 692903201 1021 3.0 156.57 9.51 4.22
130 692903201 711 6.0 56.67 4.26 2.37
131 692903201 241 9.0 466.55 8.7 1.36
132 692903201 436 6.0 130.82 8.49 1.44
133 692903201 197 5.0 316.17 4.8 2.28
134 692903201 143 5.0 234.93 1.12 0.65
135 692903201 1099 10.0 574.18 2.18 1.38
136 692903202 166 7.0 534.4 3.38 2.37
137 692903202 438 10.0 571.46 3.71 0.03
138 692903202 147 9.0 384.1 0.51 1.93
139 692903202 410 4.0 929.99 5.8 2.21
140 692903202 1078 11.0 425.52 3.17 3.76
141 692903202 515 7.0 205.39 5.02 2.23
142 692903202 1018 3.0 98.69 9.27 2.93
143 692903202 761 9.0 647.46 7.1 2.9
144 692903202 598 11.0 151.42 2.85 4.19
145 692903202 753 8.0 296.46 0.29 3.34
146 692903202 780 8.0 1218.19 8.46 2.59
147 692903202 253 5.0 458.3 6.73 2.98
148 692903202 518 1.0 269.46 6.35 1.57
149 692903202 272 12.0 258.39 0.44 4.84
150 692903202 1114 7.0 71.48 0.41 3.85
151 692903203 822 8.0 583.78 9.38 0.12
152 692903204 973 11.0 353.97 3.52 1.39
153 692903204 1159 3.0 388.37 8.08 4.73
154 692903204 33 3.0 369.71 2.13 2.89
155 692903204 680 6.0 1083.97 2.28 0.15
156 692903204 440 12.0 404.46 9.95 3.35
157 692903204 203 11.0 384.29 8.06 0.07
158 692903204 688 2.0 721.87 1.0 2.4
159 692903204 871 8.0 5.13 9.78 3.08
160 692903204 768 12.0 828.5 4.39 3.62
161 692903204 946 10.0 367.2 1.81 2.57
162 692903204 402 8.0 0.0 5.17 0.97
163 692903206 231 6.0 180.91 7.26 0.51
164 692903206 139 11.0 788.41 4.45 4.69
165 692903206 1121 10.0 5.06 0.44 1.85
166 692903206 454 11.0 328.4 5.53 0.22
167 692903206 563 2.0 272.75 5.23 4.55
168 692903206 838 1.0 784.77 6.47 2.02
169 692903207 75 4.0 272.19 4.49 3.73
170 692903207 1145 1.0 31.5 2.23 3.11
171 692903207 751 1.0 1218.19 1.0 3.43
172 692903207 307 1.0 400.01 8.58 2.11
173 692903207 982 11.0 1441.41 5.9 3.17
174 692903207 1162 6.0 1316.95 3.18 1.61
175 692903207 438 1.0 571.46 1.41 0.44
176 692903207 898 4.0 127.9 0.28 1.2
177 692903207 578 4.0 387.72 7.64 2.72
178 692903207 879 8.0 119.34 0.03 2.8
179 692903207 272 12.0 258.39 0.71 0.39
180 692903207 891 3.0 59.29 6.07 2.65
181 692903207 728 12.0 81.08 6.55 0.04
182 692903207 87 12.0 155.67 3.07 3.64
183 692903208 346 1.0 152.36 0.56 3.32
184 692903208 631 7.0 829.16 4.5 0.24
185 692903208 750 11.0 920.63 5.27 0.85
186 692903208 563 1.0 272.75 3.09 3.77
187 692903208 117 7.0 630.23 2.69 1.54
188 692903208 1015 3.0 216.34 2.18 0.5
189 692903208 117 2.0 630.23 8.33 0.57
190 692903208 402 5.0 0.0 6.44 1.51
191 692903208 198 8.0 751.61 5.12 4.39
192 692903208 347 10.0 312.12 6.66 3.08
193 692903208 1047 4.0 422.74 8.32 4.89
194 692903208 1135 6.0 41.07 0.97 4.62
195 692903209 1189 5.0 423.55 1.55 4.25
196 692903209 43 1.0 417.65 6.06 0.63
197 692903209 895 4.0 391.93 6.4 2.34
198 692903209 895 7.0 391.93 9.43 4.53
199 692903209 996 11.0 669.38 2.96 4.43
200 692903210 969 2.0 225.07 9.35 4.72
201 692903210 592 5.0 338.82 6.65 3.64
202 692903210 835 11.0 789.99 2.44 4.58
203 692903210 342 9.0 304.47 6.69 4.89
204 692903210 55 8.0 128.48 2.21 4.36
205 692903210 1181 9.0 253.3 8.63 3.95
206 692903210 349 12.0 433.07 1.38 1.35
207 692903211 424 3.0 309.07 9.87 3.61
208 692903211 589 9.0 578.88 9.36 0.39
209 692903211 432 5.0 0.0 2.06 1.27
210 692903211 682 5.0 1119.91 5.46 2.35
211 692903212 125 8.0 512.11 5.97 2.67
212 692903212 96 11.0 533.76 3.31 0.43
213 692903212 1179 12.0 977.89 8.87 0.28
214 692903212 845 3.0 487.31 6.29 0.49
215 692903212 951 3.0 977.89 9.67 2.6
216 692903212 456 1.0 1493.86 5.74 1.91
217 692903212 290 3.0 483.1 9.93 1.51
218 692903212 698 2.0 616.83 5.99 4.01
219 692903212 109 7.0 894.13 7.57 4.61
220 692903212 654 7.0 106.6 4.96 0.75
221 692903212 1043 12.0 12.31 3.86 2.13
222 692903212 489 10.0 1492.38 6.92 3.61
223 692903212 1098 7.0 446.32 5.91 0.39
224 692903212 703 7.0 575.68 9.98 3.15
225 692903213 700 5.0 577.31 8.98 2.36
226 692903213 931 12.0 80.03 9.21 3.82
227 692903213 363 2.0 672.83 1.43 3.15
228 692903213 1134 7.0 674.53 7.31 0.22
229 692903213 320 7.0 507.03 3.88 1.94
230 692903213 303 3.0 410.13 8.26 3.02
231 692903213 919 9.0 105.19 5.76 3.67
232 692903213 398 6.0 345.42 8.08 3.68
233 692903213 901 3.0 203.99 5.54 3.33
234 692903213 955 9.0 720.43 6.67 4.41
235 692903213 48 12.0 250.61 3.44 1.33
236 692903213 832 1.0 83.16 4.2 1.79
237 692903213 667 2.0 526.5 2.69 0.83
238 692903213 137 11.0 696.8 0.5 3.66
239 692903213 1053 3.0 700.61 5.5 2.13
240 692903214 788 12.0 47.79 4.87 4.94
241 692903214 89 6.0 458.76 0.15 1.07
242 692903214 1017 10.0 449.2 7.72 3.64
243 692903214 343 2.0 279.53 9.22 4.16
244 692903214 808 4.0 317.55 0.22 1.22
245 692903214 518 11.0 269.46 6.03 0.97
246 692903214 727 3.0 682.06 0.21 1.28
247 692903214 350 8.0 385.28 9.68 1.07
248 692903214 1122 2.0 922.85 5.58 3.74
249 692903214 1122 8.0 922.85 5.09 4.52
250 692903214 1026 5.0 496.29 7.19 0.31
251 692903214 380 4.0 533.82 4.22 1.67
252 692903214 908 9.0 377.46 3.72 2.0
253 692903214 748 10.0 2355.39 3.5 4.16
254 692903214 789 12.0 38.88 8.43 0.88
255 692903214 757 1.0 290.36 1.28 2.28
256 692903214 118 11.0 258.71 0.73 4.32
257 692903214 49 4.0 321.08 0.05 1.75
258 692903214 1035 1.0 1316.95 8.3 4.3
259 692903214 923 9.0 820.15 9.46 2.76
260 692903214 1183 5.0 739.88 9.85 2.64
261 692903214 1156 7.0 772.2 5.22 1.59
262 692903214 184 5.0 439.01 6.86 4.42
263 692903214 824 10.0 431.46 4.67 4.74
264 692903215 181 3.0 507.24 2.06 1.91
265 692903215 1175 5.0 61.56 6.68 1.87
266 692903215 146 6.0 399.21 1.66 0.78
267 692903215 1165 3.0 0.0 5.72 1.54
268 692903215 462 12.0 707.87 3.06 2.52
269 692903215 853 8.0 458.46 5.63 1.13
270 692903215 36 9.0 276.75 1.68 4.0
271 692903215 1039 5.0 345.45 4.51 4.31
272 692903215 604 11.0 22.03 2.92 4.89
273 692903215 748 11.0 2355.39 3.63 0.97
274 692903215 504 5.0 243.28 0.76 4.99
275 692903215 435 2.0 90.14 6.49 4.56
276 692903215 782 1.0 879.12 4.09 0.96
277 692903215 701 9.0 323.46 2.99 0.92
278 692903215 301 3.0 280.96 9.87 3.72
279 692903216 60 7.0 651.47 2.76 2.98
280 692903216 38 2.0 300.12 4.62 4.67
281 692903216 942 7.0 284.01 4.84 1.66
282 692903216 1096 3.0 758.21 1.22 0.49
283 692903216 668 9.0 211.56 1.51 0.46
284 692903216 751 7.0 1218.19 4.91 0.15
285 692903216 10 9.0 173.7 7.59 1.4
286 692903216 618 2.0 122.07 9.49 0.74
287 692903216 738 7.0 201.96 3.34 4.31
288 692903216 1146 4.0 45.77 0.75 4.46
289 692903216 90 5.0 885.25 7.15 0.68
290 692903216 515 9.0 205.39 8.48 3.95
291 692903216 883 12.0 342.9 9.76 3.83
292 692903216 761 12.0 647.46 1.15 4.04
293 692903216 843 7.0 72.85 6.34 0.97
294 692903216 72 5.0 333.36 7.06 4.28
295 692903216 664 4.0 408.31 6.82 0.55
296 692903216 552 1.0 377.46 4.08 2.8
297 692903217 1192 9.0 32.04 8.44 2.15
298 692903217 227 10.0 430.11 2.17 0.01
299 692903217 135 4.0 304.49 7.56 0.54
300 692903217 360 5.0 243.2 3.15 1.15
301 692903218 970 5.0 381.97 7.91 3.28
302 692903218 1164 12.0 300.67 0.3 3.6
303 692903218 521 9.0 1743.5 5.04 1.7
304 692903219 408 6.0 547.6 0.92 4.68
305 692903219 1091 5.0 361.26 6.12 1.69
306 692903219 436 8.0 130.82 0.46 2.17
307 692903219 519 4.0 404.46 6.6 2.53
308 692903219 354 12.0 107.46 0.96 4.29
309 692903219 169 6.0 1045.63 4.01 4.06
310 692903219 1038 2.0 372.09 7.99 2.75
311 692903219 927 11.0 809.46 7.64 4.42
312 692903219 132 9.0 622.3 0.7 1.65
313 692903219 940 6.0 230.09 5.79 0.65
314 692903219 49 12.0 321.08 3.99 3.81
315 692903219 778 7.0 1154.74 0.0 3.8
316 692903219 840 11.0 611.28 1.99 0.17
317 692903219 910 12.0 495.56 5.7 4.54
318 692903219 902 12.0 1150.73 9.17 4.56
319 692903219 1039 2.0 345.45 7.31 0.83
320 692903219 1067 3.0 235.48 0.77 2.37
321 692903219 406 2.0 385.83 3.3 2.42
322 692903219 382 2.0 294.84 6.78 1.92
323 692903219 914 10.0 714.0 0.64 4.92
324 692903219 976 11.0 1455.53 5.94 4.69
325 692903219 160 6.0 1226.45 0.83 3.73
326 692903219 87 9.0 155.67 6.32 2.54
327 692903220 835 1.0 789.99 6.13 0.52
328 692903220 23 1.0 224.96 1.95 1.79
329 692903220 887 10.0 91.34 6.12 4.26
330 692903220 39 2.0 297.43 8.31 4.08
331 692903220 545 6.0 678.13 1.05 4.85
332 692903221 653 9.0 508.71 1.98 4.19
333 692903221 943 7.0 56.89 7.34 3.9
334 692903221 20 4.0 455.21 8.18 0.88
335 692903222 295 6.0 256.14 6.31 4.93
336 692903222 132 3.0 622.3 0.05 3.1
337 692903222 670 6.0 88.72 6.85 0.53
338 692903222 1116 3.0 867.32 8.13 1.01
339 692903222 981 10.0 783.3 9.08 0.59
340 692903222 1031 10.0 167.43 0.97 0.9
341 692903222 370 9.0 259.62 1.63 4.51
342 692903223 436 7.0 130.82 7.52 0.92
343 692903223 648 2.0 687.68 8.53 1.39
344 692903223 636 4.0 1021.13 2.58 0.5
345 692903223 1128 7.0 686.49 1.75 4.26
346 692903223 864 8.0 653.45 3.05 1.96
347 692903223 1107 1.0 1355.28 4.86 1.0
348 692903223 442 10.0 1354.79 1.81 2.63
349 692903223 765 8.0 554.04 0.71 0.84
350 692903223 896 6.0 922.85 5.3 1.28
351 692903224 1074 2.0 199.85 9.38 4.15
352 692903224 405 10.0 153.9 8.57 2.49
353 692903224 149 8.0 630.23 6.26 0.75
354 692903224 1074 11.0 199.85 3.81 0.49
355 692903225 791 3.0 269.46 8.25 3.35
356 692903225 1100 10.0 1077.15 1.06 0.84
357 692903225 337 2.0 386.38 3.65 0.79
358 692903225 495 7.0 1169.53 1.49 2.81
359 692903225 556 9.0 820.15 7.41 1.72
360 692903225 825 8.0 332.1 5.27 0.1
361 692903225 756 7.0 587.71 3.99 2.18
362 692903225 360 1.0 243.2 8.31 0.16
363 692903226 667 3.0 526.5 1.26 1.5
364 692903226 710 5.0 80.95 8.38 2.6
365 692903226 1142 10.0 7.55 9.92 4.87
366 692903227 635 8.0 1056.32 6.95 0.06
367 692903227 109 2.0 894.13 6.49 2.65
368 692903227 1160 11.0 212.11 0.94 1.92
369 692903227 962 10.0 647.46 0.08 3.86
370 692903227 477 11.0 374.49 2.05 4.91
371 692903227 1094 10.0 293.3 8.55 4.61
372 692903228 126 12.0 626.48 3.25 0.35
373 692903228 84 7.0 267.22 8.35 0.52
374 692903228 1146 12.0 45.77 0.53 2.48
375 692903228 326 5.0 1598.05 2.43 2.37
376 692903228 1057 9.0 305.17 0.36 0.75
377 692903228 525 4.0 1091.89 6.39 1.81
378 692903228 928 5.0 678.13 6.31 2.52
379 692903228 115 3.0 209.39 1.87 4.18
380 692903230 425 8.0 974.12 2.9 3.85
381 692903230 1185 11.0 1038.83 0.99 2.26
382 692903230 1146 9.0 45.77 3.32 2.33
383 692903230 941 11.0 340.51 5.33 1.87
384 692903230 484 9.0 952.83 7.21 0.33
385 692903230 1158 1.0 42.66 3.36 3.81
386 692903230 1147 7.0 313.36 8.44 3.93
387 692903230 797 5.0 430.08 3.52 4.29
388 692903230 637 12.0 258.66 1.75 2.63
389 692903230 662 3.0 296.35 6.6 2.62
390 692903231 1006 8.0 64.26 3.5 0.36
391 692903231 33 7.0 369.71 6.06 3.22
392 692903231 679 4.0 301.27 7.15 3.15
393 692903231 667 11.0 526.5 7.95 0.14
394 692903231 938 9.0 164.24 5.85 3.78
395 692903231 737 12.0 378.76 0.73 2.85
396 692903231 999 1.0 375.65 6.18 3.29
397 692903231 782 4.0 879.12 5.96 1.57
398 692903231 884 2.0 1233.9 9.37 0.85
399 692903231 612 10.0 139.91 2.51 3.96
400 692903231 983 5.0 169.16 0.06 1.71
401 692903231 1099 5.0 574.18 0.79 0.93
402 692903231 1038 8.0 372.09 3.32 2.01
403 692903231 118 9.0 258.71 7.31 0.34
404 692903231 511 2.0 1793.61 1.56 3.56
405 692903231 912 2.0 918.43 8.59 1.36
406 692903231 496 4.0 809.46 3.1 1.04
407 692903231 439 9.0 957.73 0.32 2.48
408 692903231 283 8.0 1188.59 7.45 1.72
409 692903231 1039 10.0 345.45 7.11 2.4
410 692903231 1059 8.0 22.41 9.66 0.59
411 692903232 496 12.0 809.46 1.39 4.66
412 692903232 703 6.0 575.68 9.97 4.59
413 692903232 507 12.0 489.43 1.27 3.16
414 692903232 1068 8.0 513.0 7.29 1.01
415 692903232 493 11.0 779.85 8.13 3.42
416 692903232 382 12.0 294.84 3.0 3.82
417 692903232 885 5.0 4763.64 3.73 0.54
418 692903233 532 7.0 1257.5 3.27 1.39
419 692903233 960 7.0 343.06 2.06 3.51
420 692903233 427 7.0 13.66 7.99 3.6
421 692903233 61 5.0 365.26 6.94 2.52
422 692903233 1070 2.0 1174.45 0.02 2.31
423 692903233 615 6.0 323.46 3.01 4.41
424 692903233 978 7.0 802.95 3.98 3.63
425 692903233 635 1.0 1056.32 9.48 3.71
426 692903233 229 8.0 268.39 4.23 2.74
427 692903233 536 8.0 224.22 7.32 4.79
428 692903233 388 6.0 884.25 1.29 4.26
429 692903234 424 11.0 309.07 8.66 4.04
430 692903234 462 4.0 707.87 3.79 0.77
431 692903235 467 7.0 780.34 4.74 2.71
432 692903235 426 8.0 464.35 0.8 2.3
433 692903235 648 2.0 687.68 5.85 0.18
434 692903235 782 6.0 879.12 7.43 4.32
435 692903235 1102 4.0 10.26 3.35 0.2
436 692903235 287 8.0 434.74 8.86 3.23
437 692903235 843 8.0 72.85 8.33 4.6
438 692903235 692 10.0 637.83 9.76 1.93
439 692903236 603 10.0 766.02 6.61 1.97
440 692903236 1140 9.0 566.23 1.6 4.25
441 692903236 254 2.0 862.0 3.67 4.04
442 692903236 442 9.0 1354.79 7.64 1.82
443 692903236 1076 6.0 217.54 1.72 4.15
444 692903236 703 1.0 575.68 8.48 4.33
445 692903236 695 3.0 243.7 7.02 2.9
446 692903236 707 1.0 168.68 5.04 2.89
447 692903236 716 9.0 55.84 2.48 4.79
448 692903236 978 3.0 802.95 9.84 0.35
449 692903236 659 10.0 189.16 8.78 1.66
450 692903236 249 1.0 179.54 7.95 0.16
451 692903236 200 1.0 292.57 2.87 1.18
452 692903236 266 6.0 417.66 1.71 0.96
453 692903236 1134 5.0 674.53 8.1 1.33
454 692903237 92 8.0 1049.85 5.61 1.71
455 692903237 142 8.0 406.94 8.63 4.93
456 692903237 69 8.0 463.67 0.21 3.1
457 692903237 344 3.0 1442.77 7.16 4.46
458 692903238 707 6.0 168.68 5.98 0.61
459 692903238 237 8.0 249.52 0.78 2.7
460 692903238 270 11.0 338.63 1.14 2.73
461 692903238 737 4.0 378.76 4.57 0.06
462 692903238 412 7.0 255.03 2.01 3.2
463 692903238 452 1.0 81.89 6.42 0.32
464 692903238 696 9.0 780.84 1.78 1.63
465 692903238 162 1.0 260.04 1.74 0.58
466 692903238 335 10.0 460.85 3.05 1.91
467 692903238 375 9.0 532.74 2.88 2.41
468 692903238 786 6.0 359.8 6.84 1.34
469 692903238 585 7.0 426.06 8.8 0.95
470 692903238 1121 6.0 5.06 4.08 3.96
471 692903238 69 10.0 463.67 2.14 4.4
472 692903238 518 11.0 269.46 5.44 3.15
473 692903238 1049 1.0 21.6 2.31 4.25
474 692903238 1104 9.0 820.15 2.27 4.72
475 692903238 739 9.0 456.31 9.63 2.43
476 692903238 319 10.0 361.85 4.85 4.63
477 692903238 162 3.0 260.04 1.88 2.11
